4.995333333333332737e-01
6.239999999999999020e-02
9.954444444444444928e-02
1.335666666666667224e-01
1.353555555555555623e-01
4.190222222222224069e-01
3.531333333333331881e-01
1.518333333333332924e-01
2.088888888888888185e-01
1.903777777777777569e-01
2.071111111111111902e-01
3.149222222222221590e-01
2.885888888888887838e-01
2.120222222222221398e-01
2.410999999999999255e-01
2.135333333333333805e-01
2.308333333333333626e-01
2.682888888888888546e-01
2.725999999999999535e-01
2.317333333333333467e-01
2.455111111111110966e-01
2.215888888888888630e-01
2.386777777777776000e-01
2.488666666666666805e-01
2.721666666666666679e-01
2.339444444444444549e-01
2.458777777777775841e-01
2.270111111111109414e-01
2.405222222222222761e-01
2.409333333333333604e-01
2.659333333333334104e-01
2.371888888888889768e-01
2.472111111111111037e-01
2.315555555555554312e-01
2.396777777777777951e-01
2.379555555555556978e-01
2.669777777777777583e-01
2.367444444444445073e-01
2.461555555555556551e-01
2.289444444444444504e-01
2.383000000000000951e-01
2.397222222222222532e-01
2.648666666666666947e-01
2.376666666666666927e-01
2.479555555555555124e-01
2.309555555555554696e-01
2.348111111111110538e-01
2.407888888888889689e-01
2.586444444444444546e-01
2.360777777777776643e-01
2.506000000000001560e-01
2.292888888888889309e-01
2.382666666666666822e-01
2.402888888888888297e-01
2.572555555555556261e-01
2.381555555555555648e-01
2.460555555555556106e-01
2.338666666666666671e-01
2.390333333333333199e-01
2.393333333333332313e-01
2.577444444444443872e-01
2.363777777777778810e-01
2.450333333333332975e-01
2.324000000000001342e-01
2.389666666666665495e-01
2.417888888888891363e-01
2.587666666666667004e-01
2.352333333333335441e-01
2.426777777777777423e-01
2.339666666666666006e-01
2.392666666666665443e-01
2.405999999999999805e-01
2.581555555555556380e-01
2.348666666666665848e-01
2.443111111111112288e-01
2.314222222222222236e-01
2.399444444444443769e-01
2.430888888888889376e-01
2.584888888888887126e-01
2.395333333333333203e-01
2.449444444444445201e-01
2.293555555555555348e-01
2.369999999999998774e-01
2.419222222222222052e-01
2.576777777777777834e-01
2.390222222222222470e-01
2.440666666666666540e-01
2.294333333333334335e-01
2.383222222222221853e-01
2.418333333333334001e-01
2.585999999999999965e-01
2.374999999999999334e-01
2.450555555555556375e-01
2.301444444444444015e-01
2.401555555555554833e-01
2.422555555555557794e-01
2.562777777777778265e-01
2.383444444444444699e-01
2.445444444444445087e-01
2.300777777777777422e-01
2.397666666666665169e-01
2.447333333333333583e-01
2.551888888888888540e-01
2.391222222222222638e-01
2.449888888888887839e-01
2.298444444444443513e-01
2.423555555555554908e-01
2.394444444444444320e-01
2.569666666666666766e-01
2.381888888888889222e-01
2.451666666666666994e-01
2.315888888888888997e-01
2.418666666666666465e-01
2.406111111111109979e-01
2.589000000000000745e-01
2.357111111111110380e-01
2.454999999999999960e-01
2.322333333333333749e-01
2.396555555555554551e-01
2.406555555555556225e-01
2.576111111111111240e-01
2.370555555555555194e-01
2.433555555555555194e-01
2.327444444444444482e-01
2.420333333333334336e-01
2.398111111111110583e-01
2.576777777777777834e-01
2.377444444444444249e-01
2.416000000000000092e-01
2.348111111111111649e-01
2.360333333333332895e-01
2.424444444444444346e-01
2.543777777777778137e-01
2.401111111111110530e-01
2.398000000000000409e-01
2.339111111111111252e-01
2.384444444444445144e-01
2.414333333333333331e-01
2.569888888888890444e-01
2.398777777777776898e-01
2.453222222222221638e-01
2.305000000000000382e-01
2.372777777777777819e-01
2.416000000000000369e-01
2.573999999999999622e-01
2.385333333333332917e-01
2.440444444444443695e-01
2.300555555555555964e-01
2.400555555555555221e-01
2.420555555555555238e-01
2.579555555555555491e-01
2.370888888888888213e-01
2.423666666666666469e-01
2.326333333333332754e-01
2.376000000000000056e-01
2.403222222222221316e-01
2.584111111111111470e-01
2.409888888888888636e-01
2.398888888888888460e-01
2.319444444444443976e-01
2.408333333333332604e-01
2.385333333333333472e-01
2.556444444444443964e-01
2.397555555555555551e-01
2.402555555555554445e-01
2.351333333333333886e-01
2.406222222222222096e-01
2.398888888888889015e-01
2.548000000000000265e-01
2.381000000000000338e-01
2.401888888888888407e-01
2.339333333333334097e-01
2.414666666666666350e-01
2.412777777777776467e-01
2.545222222222222053e-01
2.369666666666667143e-01
2.416111111111111931e-01
2.325111111111110851e-01
2.415888888888888808e-01
2.383111111111111957e-01
2.563555555555555587e-01
2.395888888888889068e-01
2.397111111111111803e-01
2.337444444444445046e-01
2.399555555555555608e-01
2.410999999999999532e-01
2.562222222222222401e-01
2.396555555555555106e-01
2.406444444444443553e-01
2.366111111111109944e-01
2.376444444444444359e-01
2.428555555555554357e-01
2.542111111111112765e-01
2.381333333333333357e-01
2.372999999999998999e-01
2.403444444444444994e-01
2.360666666666667857e-01
2.486444444444444457e-01
2.512444444444444924e-01
2.444888888888888667e-01
2.367555555555555802e-01
2.410666666666666236e-01
2.374555555555555586e-01
2.436111111111112226e-01
2.535111111111110760e-01
2.440222222222222237e-01
2.404888888888888909e-01
2.395333333333332926e-01
2.385444444444444201e-01
2.465888888888888852e-01
2.518111111111109857e-01
2.441555555555555423e-01
2.403222222222222426e-01
2.375333333333332630e-01
2.392333333333332979e-01
2.456444444444444708e-01
2.520222222222222030e-01
2.409111111111109371e-01
2.436333333333332574e-01
2.393111111111111688e-01
2.411666666666668069e-01
2.441666666666666152e-01
2.531666666666665955e-01
2.416666666666665853e-01
2.445555555555555538e-01
2.405222222222222206e-01
2.384333333333334137e-01
2.448555555555554653e-01
2.472444444444444889e-01
2.492777777777776538e-01
2.469111111111111645e-01
2.454111111111111354e-01
2.387111111111111239e-01
2.423111111111110050e-01
2.518777777777778115e-01
2.474444444444445779e-01
2.514888888888888174e-01
2.435222222222223343e-01
2.398555555555555718e-01
2.486222222222222999e-01
2.475888888888889416e-01
2.458111111111111191e-01
2.495888888888888879e-01
2.482888888888888645e-01
2.438333333333332353e-01
2.461333333333333984e-01
2.545444444444443510e-01
2.484555555555556239e-01
2.506333333333332081e-01
2.489888888888888430e-01
2.469666666666666122e-01
2.501555555555555199e-01
2.524888888888890404e-01
2.523555555555556662e-01
2.504888888888888721e-01
2.553888888888888320e-01
2.455777777777777005e-01
2.507111111111110513e-01
2.523777777777778120e-01
2.466888888888889020e-01
2.524111111111109751e-01
2.487999999999999656e-01
2.467333333333333600e-01
2.500999999999999335e-01
2.514666666666666717e-01
2.487444444444444902e-01
2.492666666666666642e-01
2.499888888888888439e-01
2.487666666666666915e-01
2.496666666666665924e-01
2.518777777777778115e-01
2.534777777777776908e-01
2.458999999999999242e-01
2.492333333333332512e-01
2.458999999999999519e-01
2.489555555555554855e-01
2.494888888888889267e-01
2.506222222222221907e-01
2.474222222222223211e-01
2.499333333333333684e-01
2.488222222222221669e-01
2.520222222222223696e-01
2.481444444444444453e-01
2.504555555555555424e-01
2.464333333333334208e-01
2.502777777777778767e-01
2.497000000000001441e-01
2.477111111111110486e-01
2.503666666666666818e-01
2.486222222222221889e-01
2.467333333333333600e-01
2.472555555555555618e-01
2.472888888888887804e-01
2.457666666666665500e-01
2.464222222222222092e-01
2.482333333333332226e-01
2.465222222222221982e-01
2.493555555555556080e-01
2.440444444444444250e-01
2.501333333333333742e-01
2.437444444444444858e-01
2.489555555555555688e-01
2.414333333333333886e-01
2.447444444444444311e-01
2.440444444444444805e-01
2.450555555555555542e-01
2.446888888888888725e-01
2.450888888888889117e-01
2.445111111111110680e-01
2.456222222222221863e-01
2.457000000000000295e-01
2.452111111111111574e-01
2.476333333333333997e-01
2.419555555555555904e-01
2.473333333333334050e-01
2.452000000000000013e-01
2.443999999999999784e-01
2.459111111111110803e-01
2.423888888888889037e-01
2.418666666666667575e-01
2.440222222222222792e-01
2.394666666666667720e-01
2.419000000000000594e-01
2.422555555555556683e-01
2.446444444444443866e-01
2.427333333333333565e-01
2.447555555555555595e-01
2.411222222222222655e-01
2.399777777777778176e-01
2.427111111111111552e-01
2.420111111111110658e-01
2.418777777777778859e-01
2.373999999999999166e-01
2.376999999999999946e-01
2.371444444444442690e-01
2.392777777777777837e-01
2.391333333333333366e-01
2.418777777777777194e-01
2.394777777777777061e-01
2.394111111111110468e-01
2.363777777777778810e-01
2.389888888888889174e-01
2.364444444444444848e-01
2.388333333333333697e-01
2.336555555555555885e-01
2.340666666666667284e-01
2.366666666666667751e-01
2.346666666666666068e-01
2.365333333333334564e-01
2.336000000000000576e-01
2.338444444444444381e-01
2.309666666666666535e-01
2.348999999999998867e-01
2.359111111111110437e-01
2.342888888888888244e-01
2.347888888888888248e-01
2.337999999999999801e-01
2.322111111111112014e-01
2.342888888888887411e-01
2.325111111111110851e-01
2.316222222222222848e-01
2.321888888888888891e-01
2.330000000000000127e-01
2.337333333333333485e-01
2.337444444444444491e-01
2.295333333333333392e-01
2.306333333333333291e-01
2.317888888888888499e-01
2.298888888888888371e-01
2.291777777777777858e-01
2.299666666666667081e-01
2.286000000000000532e-01
2.268555555555554770e-01
2.281111111111110423e-01
2.279666666666666786e-01
2.294777777777778083e-01
2.278222222222222038e-01
2.285666666666666680e-01
2.289333333333333220e-01
2.305555555555554581e-01
2.277444444444444438e-01
2.272777777777777175e-01
2.259555555555555761e-01
2.263333333333333031e-01
2.260666666666666935e-01
2.266888888888889675e-01
2.257111111111111956e-01
2.244555555555556026e-01
2.231666666666666521e-01
2.221666666666666512e-01
2.236000000000000210e-01
2.242888888888888432e-01
2.232444444444444120e-01
2.241999999999998994e-01
2.237777777777777699e-01
2.238111111111109885e-01
2.221777777777776963e-01
2.209222222222221865e-01
2.215333333333333321e-01
2.214111111111110586e-01
2.210999999999999355e-01
2.207000000000000350e-01
2.206777777777779448e-01
2.204222222222221861e-01
2.206555555555555492e-01
2.198333333333333528e-01
2.205333333333333035e-01
2.196444444444443644e-01
2.189111111111111674e-01
2.188333333333334074e-01
2.176111111111111163e-01
2.192555555555556202e-01
2.191222222222223015e-01
2.192000000000000615e-01
2.186222222222223011e-01
2.171444444444444732e-01
2.165777777777777025e-01
2.172444444444444622e-01
2.173999999999998711e-01
2.174555555555555963e-01
2.179222222222221006e-01
2.155111111111111810e-01
2.156999999999999196e-01
2.153444444444444217e-01
2.142999999999999627e-01
2.153555555555556056e-01
2.147999999999998522e-01
2.160555555555555007e-01
2.152444444444444049e-01
2.142333333333333312e-01
2.139999999999999125e-01
2.118222222222222173e-01
2.119444444444444908e-01
2.111888888888889260e-01
2.125777777777777544e-01
2.120555555555555527e-01
2.117333333333332179e-01
2.134555555555555650e-01
2.120444444444444521e-01
2.124333333333332796e-01
2.105333333333333778e-01
2.114111111111111607e-01
2.110111111111111493e-01
2.099444444444444058e-01
2.090333333333333488e-01
2.096888888888888136e-01
2.088333333333333153e-01
2.068999999999999451e-01
2.063333333333331465e-01
2.060555555555555196e-01
2.070666666666666766e-01
2.061000000000000609e-01
2.055222222222222450e-01
2.067333333333332968e-01
2.075111111111111462e-01
2.073999999999999178e-01
2.071777777777777385e-01
2.058777777777777429e-01
2.061888888888888660e-01
2.062777777777778099e-01
2.055555555555555747e-01
2.044444444444444564e-01
2.035111111111110593e-01
2.042333333333333223e-01
2.029222222222221428e-01
2.040111111111111708e-01
2.030777777777777737e-01
2.039111111111110430e-01
2.046333333333334170e-01
2.040333333333334276e-01
2.050111111111110884e-01
2.038222222222220992e-01
2.029666666666667674e-01
2.031999999999999362e-01
2.045999999999999763e-01
2.038666666666666683e-01
2.027000000000000746e-01
2.022555555555555773e-01
2.015777777777777446e-01
2.016888888888890008e-01
2.027333333333334875e-01
2.006888888888888611e-01
2.017333333333333201e-01
2.010444444444444423e-01
2.001555555555554755e-01
1.976222222222221714e-01
1.997777777777778041e-01
1.992222222222222172e-01
1.992111111111111721e-01
1.988333333333333064e-01
1.992777777777778314e-01
1.984111111111111492e-01
1.993777777777777926e-01
1.990555555555556244e-01
1.973333333333333883e-01
1.971333333333332716e-01
1.972777777777778019e-01
1.976000000000000256e-01
1.977111111111110597e-01
1.966555555555555557e-01
1.965777777777778512e-01
1.980555555555555680e-01
1.959333333333332927e-01
1.968111111111111033e-01
1.954777777777777226e-01
1.958222222222222308e-01
1.945444444444444920e-01
1.949999999999998956e-01
1.943222222222221462e-01
1.940444444444445193e-01
1.941222222222221683e-01
1.937666666666666149e-01
1.926111111111110663e-01
1.937111111111110562e-01
1.936555555555554975e-01
1.932777777777776873e-01
1.940777777777777380e-01
1.922222222222222388e-01
1.921333333333332394e-01
1.909555555555554618e-01
1.917555555555555125e-01
1.913999999999999313e-01
1.911444444444444224e-01
1.901333333333333209e-01
1.900888888888888351e-01
1.903999999999999582e-01
1.900888888888887518e-01
1.909111111111110037e-01
1.919111111111112267e-01
1.901111111111110918e-01
1.895999999999999075e-01
1.892888888888888121e-01
1.895222222222221753e-01
1.897333333333334204e-01
1.903111111111110976e-01
1.901444444444443660e-01
1.891999999999999238e-01
1.878444444444444528e-01
1.890666666666666607e-01
1.877000000000000335e-01
1.877111111111111064e-01
1.877888888888889218e-01
1.866222222222222726e-01
1.862111111111111605e-01
1.858666666666667633e-01
1.847222222222223431e-01
1.846555555555556838e-01
1.853444444444444228e-01
1.854222222222222938e-01
1.842555555555555336e-01
1.839999999999999969e-01
1.844777777777777683e-01
1.845555555555556670e-01
1.842444444444444329e-01
1.827888888888888896e-01
1.835555555555555829e-01
1.829222222222221805e-01
1.812333333333332741e-01
1.821333333333334525e-01
1.828333333333333199e-01
1.809333333333332794e-01
1.813555555555555199e-01
1.812222222222222290e-01
1.795222222222222497e-01
1.800111111111111217e-01
1.794888888888888923e-01
1.792999999999999872e-01
1.798222222222221889e-01
1.796777777777778251e-01
1.807333333333333292e-01
1.793888888888888755e-01
1.785000000000000475e-01
1.781333333333332825e-01
1.781999999999999418e-01
1.784666666666666623e-01
1.786111111111110261e-01
1.793777777777777194e-01
1.782888888888888579e-01
1.769222222222221197e-01
1.768777777777776894e-01
1.770222222222222475e-01
1.751888888888889217e-01
1.755222222222223294e-01
1.757777777777778383e-01
1.749333333333333851e-01
1.742555555555554969e-01
1.733555555555555405e-01
1.736666666666667469e-01
1.735111111111111160e-01
1.729555555555555846e-01
1.725333333333333441e-01
1.732111111111110935e-01
1.723222222222221822e-01
1.722111111111109816e-01
1.702111111111110353e-01
1.699888888888888283e-01
1.702000000000000735e-01
1.702666666666666773e-01
1.687666666666666759e-01
1.687111111111111450e-01
1.682666666666666755e-01
1.677333333333333454e-01
1.677666666666667028e-01
1.675222222222221558e-01
1.672777777777777475e-01
1.678777777777777647e-01
1.675222222222221835e-01
1.678444444444444905e-01
1.684000000000000219e-01
1.691666666666665764e-01
1.689888888888889384e-01
1.680111111111111666e-01
1.680111111111110556e-01
1.677555555555554911e-01
1.678666666666666085e-01
1.662555555555555731e-01
1.653222222222222593e-01
1.648111111111110749e-01
1.637777777777777721e-01
1.638111111111111851e-01
1.627666666666666984e-01
1.633777777777777607e-01
1.624666666666666204e-01
1.624444444444444469e-01
1.616111111111110665e-01
1.609666666666666746e-01
1.605111111111110767e-01
1.609888888888887926e-01
1.611222222222221945e-01
1.602111111111110819e-01
1.607222222222221275e-01
1.592888888888888965e-01
1.597555555555555118e-01
1.595111111111110758e-01
1.586666666666666503e-01
1.605333333333333057e-01
1.607111111111110546e-01
1.599555555555555175e-01
1.589333333333332599e-01
1.591666666666666508e-01
1.605666666666666909e-01
1.599333333333332885e-01
1.588888888888889406e-01
1.595111111111110758e-01
1.580333333333333590e-01
1.578888888888889397e-01
1.570777777777777606e-01
1.573222222222222522e-01
1.576444444444444204e-01
1.566111111111111731e-01
1.567666666666666930e-01
1.572888888888889503e-01
1.558333333333333792e-01
1.552777777777777646e-01
1.552888888888888652e-01
1.547666666666666635e-01
1.538555555555556342e-01
1.538888888888888806e-01
1.531555555555555448e-01
1.545444444444444565e-01
1.555888888888888877e-01
1.543555555555554959e-01
1.549777777777777144e-01
1.545777777777777584e-01
1.545888888888888868e-01
1.536888888888888749e-01
1.528444444444444217e-01
1.527222222222221204e-01
1.525111111111110973e-01
1.515555555555555267e-01
1.521333333333333704e-01
1.512777777777777610e-01
1.511999999999999733e-01
1.501555555555555699e-01
1.504222222222222904e-01
1.494666666666666921e-01
1.492222222222222006e-01
1.491555555555555412e-01
1.497666666666666591e-01
1.500222222222221957e-01
1.482555555555555016e-01
1.469222222222222041e-01
1.473777777777777742e-01
1.469555555555556170e-01
1.464555555555556166e-01
1.446666666666666379e-01
1.442333333333333245e-01
1.451222222222221803e-01
1.464555555555555333e-01
1.450111111111111184e-01
1.459111111111111025e-01
1.451111111111111351e-01
1.450222222222222190e-01
1.449222222222221745e-01
1.437999999999999834e-01
1.449555555555555597e-01
1.438555555555555976e-01
1.431999999999999940e-01
1.437333333333333241e-01
1.435555555555555474e-01
1.427999999999999825e-01
1.423555555555555685e-01
1.426666666666666639e-01
1.416888888888888642e-01
1.410888888888888748e-01
1.411555555555555341e-01
1.403444444444444661e-01
1.399777777777777288e-01
1.386666666666666048e-01
1.384222222222221965e-01
1.376111111111111007e-01
1.379555555555555812e-01
1.373444444444445189e-01
1.378888888888889219e-01
1.377444444444444194e-01
1.371666666666666590e-01
1.373999999999999944e-01
1.368555555555555636e-01
1.359111111111111492e-01
1.345999999999999974e-01
1.354111111111112042e-01
1.363333333333333341e-01
1.359111111111111214e-01
1.356888888888888589e-01
1.347999999999999754e-01
1.322888888888887893e-01
1.326888888888888007e-01
1.322666666666666435e-01
1.320333333333333359e-01
1.314222222222222736e-01
1.320222222222222075e-01
1.317888888888888443e-01
1.317555555555554869e-01
1.315888888888888386e-01
1.313111111111111284e-01
1.324777777777778054e-01
1.326444444444444259e-01
1.321666666666666545e-01
1.304444444444443907e-01
1.289333333333333165e-01
1.278555555555555001e-01
1.266444444444444484e-01
1.261333333333332640e-01
1.261222222222221634e-01
1.266444444444443929e-01
1.251666666666667316e-01
1.252777777777777934e-01
1.246444444444445160e-01
1.252222222222221515e-01
1.247333333333332517e-01
1.237222222222222195e-01
1.226777777777777745e-01
1.236888888888889176e-01
1.222111111111110898e-01
1.230111111111110989e-01
1.226444444444444726e-01
1.226111111111110874e-01
1.227222222222222187e-01
1.214222222222221537e-01
1.222444444444444334e-01
1.215444444444444688e-01
1.209333333333333232e-01
1.204333333333333089e-01
1.208222222222221920e-01
1.203888888888889341e-01
1.194444444444444087e-01
1.188111111111111451e-01
1.187000000000000138e-01
1.177555555555555439e-01
1.179222222222221644e-01
1.177777777777777868e-01
1.174000000000000737e-01
1.168222222222222439e-01
1.164444444444444615e-01
1.171666666666666690e-01
1.163666666666666460e-01
1.154777777777778042e-01
1.143555555555555436e-01
1.160111111111110926e-01
1.159999999999999920e-01
1.157222222222221708e-01
1.158555555555555311e-01
1.157555555555555143e-01
1.151777777777778233e-01
1.159666666666667317e-01
1.149888888888888627e-01
1.137555555555555542e-01
1.139555555555555877e-01
1.138444444444444009e-01
1.129666666666666874e-01
1.127666666666665984e-01
1.140111111111111186e-01
1.127444444444444527e-01
1.130333333333333051e-01
1.128222222222222126e-01
1.125888888888888911e-01
1.113222222222221558e-01
1.112222222222221946e-01
1.110555555555556018e-01
1.105777777777777610e-01
1.115777777777777618e-01
